533344 58497 0
543357 440832 0
218116 518409 0
821429 173661 0
59197 138848 0
654952 779314 0
477320 699257 0
635198 54045 0
54364 460149 0
909270 63765 0
690564 224853 0
579164 479134 0
766915 202276 0
962595 125352 0
105867 3149 0
970432 574919 0
788261 275282 0
347219 72793 0
820423 423205 0
151324 211558 0
203121 11595 0
216093 701983 0
897010 69347 0
73757 18356 0
965089 727468 0
394002 969244 0
66932 548421 0
397408 519187 0
267030 310287 0
383372 688347 0
368166 367884 0
383624 310538 0
531858 604677 0
417130 640709 0
223720 423420 0
115398 689942 0
831341 115041 0
72995 760326 0
697251 875137 0
150296 15928 0
626804 376750 0
25400 759074 0
967398 227886 0
630413 943367 0
688780 628143 0
869013 213486 0
809431 498494 0
204119 392302 0
382566 193901 0
243331 961768 0
568244 89664 0
417264 153792 1
834425 210171 1
610876 655422 1
295715 364811 1
136123 56278 1
657478 957356 1
241789 114008 1
665884 282767 1
908356 897411 1
307365 97210 1
452333 775835 1
123020 896804 1
304044 890072 1
860579 274729 1
601751 794481 1
815373 41362 1
758368 854350 1
69847 885942 1
545762 23569 1
330161 713606 1
586476 552373 1
395074 132319 1
358591 998765 1
570524 19635 1
932146 20389 1
464401 930429 1
316724 203705 1
337614 947374 1
489677 86427 1
762961 113829 1
954349 792435 1
540749 540749 1
463666 248335 1
776573 24786 1
691302 347640 1
642255 10326 1
309663 587792 1
706035 469598 1
726377 868343 1
985852 161365 1
970089 34963 1
330746 202635 1
524938 385858 1
683362 308025 1
788208 637782 1
652108 432390 1
149480 178947 1
844789 320308 1
955670 150177 1
882969 679363 1
658897 646546 1
804981 459109 1
583665 140935 1
665229 830599 1
169298 451267 1
818875 86527 1
639446 24506 1
422260 75247 1
462301 844729 1
982420 762962 1
66189 123890 1
502841 132890 1
45756 779565 1
874594 858111 1
680887 582187 1
759718 688182 1
59242 50484 1
202212 119142 1
337332 968909 1
968502 174626 1
276993 906566 1
968844 716643 1
109101 9508 1
696843 798437 1
526649 204415 1
845739 731629 1
649955 238096 1
713428 26649 1
831526 632704 1
355509 825721 1
502967 54541 1
777206 639103 1
542018 522871 1
706709 598427 1
582037 862710 1
485884 851444 1
186054 465050 1
970096 267931 1
273263 843381 1
135633 409412 1
211050 424999 1
757047 290431 1
781288 485260 1
817233 836300 1
762025 660886 1
507956 588928 1
78881 186319 1
76919 994079 1
405582 998315 1
464574 502918 1
214599 950142 1
797643 200978 1
269072 676000 1
257194 241732 1
878466 520657 1
938156 510117 1
584412 63943 1
254878 856520 1
766128 670903 1
560580 386154 1
169384 464779 1
505158 672192 1
961554 892246 1
387512 144970 1
244017 33701 1
136144 940682 1
647993 530615 1
744887 622315 1
899721 798087 1
873775 648721 1
779003 146739 1
907499 184817 1
169040 800626 1
670491 803165 1
374606 604134 1
691020 898840 1
577453 759329 1
448302 325810 1
681360 500643 1
761659 897635 1
832671 490259 1
558542 444256 1
111378 702364 1
33550 524139 1
654952 917903 1
112373 738735 1
857553 795391 1
988195 489584 1
29094 347274 1
875679 516696 1
828638 182585 1
951161 822991 1
613945 537607 1
971808 241716 1
21859 576986 1
285907 937439 1
352495 864409 1
210694 430160 1
461223 606398 1
647164 639881 1
873553 528997 1
553003 71315 1
200046 871266 1
698675 650868 1
141625 287691 1
903833 128274 1
739952 777482 1
262256 418395 1
660735 707342 1
60245 117111 1
185395 561340 1
862524 264227 1
645089 114205 1
41052 498112 1
538609 116541 1
595527 787459 1
803856 441138 1
681766 242191 1
547700 987717 1
490530 567013 1
640115 180772 1
461950 439181 1
128803 211198 1
205117 653461 1
841910 496159 1
684991 704912 1
268317 904019 1
572763 345214 1
792125 585193 1
875801 452288 1
459109 170899 1
610942 634482 1
318278 80772 1
838245 610786 1
569454 345164 1
684675 640457 1
514482 218591 1
148234 647320 1
856661 965800 1
428853 937609 1
986932 696871 1
857606 650954 1
579594 841325 1
753809 71983 1
172358 884429 1
260030 472904 1
913785 247902 1
176098 40090 1
240107 809386 1
918681 687134 1